<?xml version="1.0" encoding="UTF-8" standalone="no"?>
<!-- Created with Inkscape (http://www.inkscape.org/) -->

<svg
   version="1.1"
   id="svg1"
   width="1333.3333"
   height="445.33334"
   viewBox="0 0 1333.3333 445.33334"
   sodipodi:docname="ALPB"
   inkscape:version="1.3.2 (091e20e, 2023-11-25)"
   xmlns:inkscape="http://www.inkscape.org/namespaces/inkscape"
   xmlns:sodipodi="http://sodipodi.sourceforge.net/DTD/sodipodi-0.dtd"
   xmlns="http://www.w3.org/2000/svg"
   xmlns:svg="http://www.w3.org/2000/svg">
  <defs
     id="defs1" />
  <sodipodi:namedview
     id="namedview1"
     pagecolor="#ffffff"
     bordercolor="#000000"
     borderopacity="0.25"
     inkscape:showpageshadow="2"
     inkscape:pageopacity="0.0"
     inkscape:pagecheckerboard="0"
     inkscape:deskcolor="#d1d1d1"
     inkscape:zoom="0.41925003"
     inkscape:cx="666.66663"
     inkscape:cy="223.01728"
     inkscape:window-width="1264"
     inkscape:window-height="1382"
     inkscape:window-x="55"
     inkscape:window-y="30"
     inkscape:window-maximized="0"
     inkscape:current-layer="g1" />
  <g
     inkscape:groupmode="layer"
     inkscape:label="Image"
     id="g1">
    <path
       style="fill:#cb9f51;stroke:none"
       d="M 29.051884,9.995934 C 8.2209613,14.865804 5.0528793,33.527584 5.0518853,51.718544 l -7e-6,120.000006 c 0,48.82222 -6.316654,102.20951 8.6458477,149.33333 27.987081,88.14425 123.198334,136.40793 211.354144,115.06951 17.29899,-4.18726 34.16817,-11.45061 49.33333,-20.72958 12.43529,-7.60872 24.43539,-17.08073 34.43386,-27.69865 63.2728,-67.19299 48.23281,-161.9067 48.23281,-246.64128 V 58.385214 c 0,-13.18282 1.9086,-27.75338 -7.35909,-38.48743 C 333.33127,0.94754404 293.01907,9.051874 270.3852,9.051874 H 107.71855 c -24.631415,0 -54.664366,-4.66723 -78.666666,0.94406 m 626.666626,65.72261 v 68.000006 c 0,9.93316 -2.01953,22.62907 1.8903,31.98209 4.1969,10.03972 26.18213,19.67619 34.83114,9.20598 3.29451,-3.9882 1.22119,-11.26199 0.61189,-15.85474 -12.51643,-2.31388 -10.66646,-13.69263 -10.66666,-24 V 75.718544 h -26.66667 m 274.66665,0 v 72.000006 c 0,8.87449 -2.72583,23.30802 1.3453,31.39319 3.42017,6.79246 14.70272,7.67854 21.32137,8.4541 19.11599,2.23993 41.44629,-0.74783 51.15097,-19.85942 16.4297,-32.35539 -13.20578,-75.913206 -48.4843,-53.32121 V 75.718544 h -25.33334 m 278.66664,0 v 33.333336 c -9.364,-1.57076 -18.8864,-2.00112 -27.9998,1.15967 -36.1075,12.52303 -32.6409,83.21263 10.6664,77.8905 6.4924,-0.79787 11.8127,-3.75663 17.3334,-7.05017 v 5.33333 h 25.3333 V 75.718544 h -25.3333 M 541.05185,186.38521 c 7.3158,0 19.17387,2.24673 25.75407,-1.34525 5.44242,-2.97089 5.15898,-10.79279 9.08671,-15.09931 5.33854,-5.85335 18.02275,-3.67468 25.15658,-3.5356 15.32511,0.29879 10.51733,10.94468 19.97908,18.04 6.02397,4.51733 19.50867,1.94016 26.69022,1.94016 -6.39742,-23.54577 -16.6916,-46.4921 -25.25183,-69.33333 -3.51867,-9.3889 -6.09936,-23.430826 -12.68766,-31.111166 -4.65653,-5.42838 -22.00895,-5.34066 -28.01249,-2.21025 -7.24918,3.77991 -9.95626,19.511926 -12.63318,26.654746 -9.4674,25.26186 -19.5166,50.41655 -28.0815,76 m -299.99998,-56 c 15.50226,0.15047 24.30648,5.84239 28,21.33334 l -72,1.33333 c 1.64515,-17.40666 12.95071,-20.96889 28,-24 -10.84381,-33.934976 -63.83035,-31.764036 -73.2441,2.66671 -5.29143,19.35337 -1.42256,44.0165 -1.42256,63.99996 v 130.66667 c 6.20887,0.006 32.85518,6.49463 15.66791,14.65495 -8.97697,4.26212 -24.55783,1.36267 -34.33456,1.34417 -6.09512,-0.0115 -27.49876,-4.96112 -13.99769,-13.91569 4.55902,-3.02376 11.46783,-2.07879 16.66434,-2.08343 V 186.38521 c 0,-21.3104 -4.39587,-48.14449 4.54779,-67.99996 19.64463,-43.612256 97.93963,-40.102986 102.11887,11.99996 m 354.66665,-24 10.66666,38.66667 h -24 l 13.33334,-38.66667 m 223.99998,9.33334 v -6.66667 h -25.33333 v 77.33333 h 25.33333 c 0,-14.46911 -1.28125,-29.5993 0.18262,-43.99404 0.57446,-5.64896 3.91317,-12.01696 10.43547,-12.01696 6.37361,0 9.22273,6.70501 10.1254,12.01696 2.39339,14.08429 0.58985,29.72883 0.58985,43.99404 h 26.66666 c 0,-14.97105 -1.22957,-30.40826 -0.4091,-45.31858 0.27344,-4.96962 3.16683,-9.76023 8.42237,-10.6721 7.01912,-1.21787 10.61531,6.2725 11.5214,11.99349 2.23616,14.11865 0.46533,29.71529 0.46533,43.99719 h 26.66666 c 0,-19.94496 4.56193,-47.18605 -5.47469,-65.30204 -9.52775,-17.19747 -36.02547,-17.68823 -46.5253,-1.36462 -13.03858,-13.13176 -27.43888,-15.32435 -42.66667,-4 m 265.3333,17.33333 c 13.1106,-2.78414 29.5332,-8.67979 33.3333,9.33333 -11.701,4e-5 -25.9437,-1.46911 -35.6388,6.49927 -11.6802,9.59979 -8.5119,31.20597 5.0035,37.49186 10.4987,4.88286 22.9113,0.47659 31.9687,-5.32446 v 5.33333 h 25.3333 c 0,-19.61745 6.5657,-53.70489 -8.3843,-68.98437 -9.5525,-9.763 -44.6408,-16.97763 -53.5168,-2.10244 -2.9444,4.93437 0.523,12.74988 1.9011,17.75348 m 193.3333,-24.56051 c -29.3361,5.18793 -41.9594,42.45219 -23.6463,65.63501 10.2474,12.9724 28.0698,16.33743 43.6463,13.28549 27.8024,-5.44737 40.258,-40.67739 23.985,-63.66218 -9.7508,-13.77242 -28.0035,-18.08457 -43.985,-15.25832 m -575.99992,0.56051 c 0,20.00509 -4.38452,47.02958 5.3706,65.31923 8.41895,15.78449 32.03499,19.49543 42.62939,4.0141 h 1.33334 v 8 h 25.33333 v -77.33333 h -26.66667 c 0,14.58618 0.81763,29.43719 -0.0945,43.99422 -0.3518,5.61416 -2.75293,12.06273 -9.25146,12.75523 -6.42757,0.68496 -10.16008,-6.07056 -11.28988,-11.42212 -2.99398,-14.1819 -0.69751,-30.86135 -0.69751,-45.32733 h -26.66666 m 318.66664,0 v 77.33333 h 25.3333 c 0,-23.6852 -7.0967,-52.31148 24,-54.66666 0,-5.43722 1.9335,-14.12665 -0.3437,-19.11113 -4.34,-9.49939 -19.2944,0.6589 -23.6563,4.44446 v -8 h -25.3333 m -65.33332,58.66667 v -18.66663 c 9.7e-4,-3.86735 -0.32439,-7.95843 0.32926,-11.78625 1.47127,-8.61601 12.49548,-10.89216 19.10968,-6.34516 12.6017,8.66309 7.7494,32.29153 -6.1176,36.68254 -4.3672,1.38287 -8.88515,0.66253 -13.32134,0.1155 M 1195.7469,128.5932 c 19.4076,-5.0706 18.063,34.09216 5.2107,38.0787 -21.4878,6.66504 -24.7048,-32.98548 -5.2107,-38.0787 m 88.0922,0.172 c 20.8987,-6.49345 25.7023,33.62024 7.7734,38.92257 -20.4149,6.03753 -25.4555,-33.42853 -7.7734,-38.92257 M 262.3852,157.05188 c 0,10.56276 1.60077,22.83482 -5.20682,31.78937 -10.73181,14.11639 -39.54303,13.46419 -49.45606,-1.18986 -5.83011,-8.61843 -4.00378,-20.72229 -4.00378,-30.59951 h 58.66666 m 855.9999,0 c -0.094,2.8374 0.081,6.05044 -1.3452,8.62923 -6.3889,11.55241 -25.3253,-3.38403 -6.6907,-7.38834 2.6449,-0.56836 5.359,-0.86998 8.0359,-1.24089 m -906.66656,8 c 0.0308,6.56272 -0.31801,13.8973 4.1473,19.26355 7.3691,8.85592 27.70097,8.65676 34.36895,-0.95795 3.60629,-5.19997 2.81171,-12.30344 2.81708,-18.3056 h -41.33333 m 247.99999,20 c -19.75489,25.508 -20.56897,54.58077 0,80 h 1.33333 l 26.65787,-26.66666 9.31832,-13.33334 -9.31832,-13.33333 -27.9912,-26.66667 m -248.6514,18.35864 c 7.02307,0.81511 -8.17618,21.84607 -15.69863,19.73914 -7.11096,-1.99168 9.74453,-20.43018 15.69863,-19.73914 m 42.91878,-0.12455 c 6.66539,-0.95217 22.84058,19.46784 15.64368,20.32011 -6.13355,0.72634 -13.85647,-8.51756 -16.47133,-13.17373 -1.05776,-1.88348 -2.71965,-6.63964 0.82765,-7.14638 m -21.70782,6.3348 c 5.97457,-1.95874 7.86068,25.34469 0.77378,26.4058 -5.65975,0.84744 -6.21885,-24.62064 -0.77378,-26.4058 m 436.77376,48.76445 -10.66667,28 c 22.15621,-2e-5 30.74577,-7.25826 40,-28 h -29.33333 m 200.13337,2.82285 c -16.19857,6.99254 -5.05811,33.18976 11.78417,26.20246 17.54965,-7.28077 5.65902,-33.73226 -11.78417,-26.20246 m -144.13338,1.17715 v 73.33333 c 0,8.34326 -2.6477,22.28455 1.3453,29.82723 3.41349,6.44804 14.86946,7.82015 21.32137,8.48023 19.28304,1.97277 41.53824,-0.56283 51.45345,-19.64608 16.84838,-32.42717 -11.53402,-74.00957 -47.45345,-54.66138 v -37.33333 h -26.66667 m 89.33333,0 v 73.33333 c 0,10.12183 -2.10596,23.29411 4.92513,31.63892 8.03035,9.53076 22.79272,7.53109 33.74153,5.69442 l -1.33333,-18.66667 c -12.77457,-0.5374 -10.6665,-12.90694 -10.66666,-22.66667 v -69.33333 h -26.66667 m -265.33332,6.66666 v 104.00001 h 26.66667 v -34.66667 c 13.37569,-0.11817 27.62772,-2.1108 38.40637,-10.75586 15.51017,-12.43998 15.54862,-37.24894 0.15421,-49.76506 -16.88968,-13.73185 -44.97896,-8.81242 -65.22725,-8.81242 m 26.66667,48 v -28 c 28.48547,1.39325 28.85156,27.71993 0,28 m 389.3333,53.33334 -2.6667,-18.66667 c -7.93412,0.9259 -16.33166,3.98132 -23.95984,0.17635 -13.32503,-6.6466 -14.52311,-26.66351 -1.25203,-34.1689 7.83048,-4.42849 17.16813,-1.51874 25.21187,0.65922 l 2.6667,-20 c -9.71581,-3.04029 -19.10953,-4.64689 -29.33332,-3.74479 -31.92302,2.81677 -46.40031,43.41455 -25.72282,67.45328 13.24804,15.40162 37.58667,14.54611 55.05614,8.29151 m 37.33328,-75.22718 c -28.85118,5.10332 -41.15407,43.07923 -23.02198,65.7745 10.3688,12.97823 28.85978,15.44442 44.35538,12.67851 28.442,-5.07674 38.9999,-42.12881 22.6548,-64.45687 -9.8055,-13.39457 -28.4623,-16.74241 -43.9882,-13.99614 m -367.99992,0.56051 c 0,19.14429 -3.77567,43.11471 3.05164,61.33264 7.48193,19.96473 30.05301,21.37138 44.94836,9.33403 v 6.66667 h 25.33333 v -77.33334 h -25.33333 c 0,14.55278 0.96338,29.47599 -0.13342,43.98722 -0.42078,5.56714 -2.88888,11.70476 -9.2511,12.41309 -6.45703,0.71891 -10.40503,-5.52905 -11.43429,-11.07442 -2.65861,-14.32402 -0.51452,-30.77189 -0.51452,-45.32589 h -26.66667 m 227.99999,0 v 77.33334 h 26.66666 v -77.33334 h -26.66666 m -110.66666,58.66667 v -18.66667 c 9.7e-4,-3.90063 -0.31128,-8.00875 0.32926,-11.87166 1.50139,-9.05445 12.53491,-11.10085 19.09774,-5.67214 10.69962,8.85069 7.15869,31.3257 -6.14746,35.58738 -4.32186,1.3842 -8.8383,0.93001 -13.27954,0.62309 m 256.17969,-38.86768 c 21.2463,-7.32208 26.5829,31.48568 9.0325,38.20777 -20.47308,7.84155 -26.90658,-32.04784 -9.0325,-38.20777 z"
       id="path2" />
    <path
       style="fill:#000000"
       id="path1" />
  </g>
</svg>
